-2.67728578
-2.98268639
-1.63628320
-1.28368512
-1.17188523
-1.60131477
-2.75056276
-2.61518333
-2.46262484
-2.23780339
-2.35682685
-2.21131104
-2.52629075
-2.47759810
-1.51191282
-1.60288017
-1.26158237
-1.22569814
-1.13052100
-1.13288892
-1.09374828
-1.17384789
-1.21094720
-1.09618310
-1.20861229
-1.46767649
-1.25322507
-1.36217966
-1.26112453
-0.97344842
-1.27289699
-1.26319198
-1.33250025
-1.31484615
-0.29025915
0.05431566
-0.06390621
0.10099881
-0.07183094
-0.06514100
-0.31341021
0.03185954
-0.23209242
-0.34258496
-0.05442229
-0.26262013
-0.21373828
-0.13622407
-0.30638955
-0.07989460
-0.21421537
-0.25069578
0.90800970
0.77149913
0.83433152
0.86871017
0.72982479
0.80332221
0.87411158
1.02197839
0.90006505
0.76554497
0.68948350
0.88454660
0.83993644
0.95828312
0.75273962
0.74328019
0.78101106
0.81794468
1.10498583
1.17823332
0.88265660
0.88746269
0.87419931
0.28094629
0.86464181
1.79244947
1.80822268
1.91038916
2.04446601
1.84992680
1.95489150
2.00056959
1.85591520
1.84816594
1.75929185
1.81529378
2.01748968
2.03298497
2.00661234
1.79160101
1.76845551
1.90579734
1.91898151
1.81143575
1.91963904
1.88500719
1.61743084
1.91328890
1.98457754
1.86888249
3.03857809
3.11167660
2.92204743
3.03583977
3.15715450
2.84843604
3.06615147
3.08230109
2.81371258
3.01703713
2.78794467
2.88688381
2.90927202
2.94790696
3.03711169
2.67636968
2.61627464
2.66945104
2.94189756
2.91574491
3.07762985
2.56370976
4.26103172
4.09188288
3.91858319
4.23800211
4.22629336
4.13419005
4.29478624
4.02551497
4.09245674
4.31534125
4.36655267
4.39140600
4.10006453
4.00226518
3.88891219
4.36638695
4.01781646
4.29294088
4.30887291
4.27148695
4.12102349
